0420021895  22.80  24.80  34.70  47.00  54.50  61.30  68.80  69.40  59.60  48.00  31.60  20.50   
0420021896  29.00  30.00  36.80  43.30  51.50  67.60  70.60  68.40  59.00  48.20  32.10  29.90   
0420021897  24.90  26.40  29.80  45.30  59.30  62.90  68.00  69.10  60.60  45.90  36.50  20.50   
0420021898  16.20  27.90  32.00  48.80  51.60  64.30  71.60  71.40  59.30  44.20  32.90  20.70   
0420021899  25.90  26.90  36.60  46.20  50.60  63.00  71.60  64.80  62.10  44.20  38.90  23.00   
0420021900  30.60  31.20  42.30  43.00  56.70  67.60  71.00  66.40  55.80  47.20  38.30  28.60   
0420021901  26.40  30.50  35.20  44.30  57.40  61.80  74.00  70.40  57.80  50.10  39.20  28.20   
0420021902  26.30  33.00  33.10  46.30  54.70  65.90  67.60  68.00  59.30  49.30  34.80  25.70   
0420021903  25.90  15.10  35.10  43.70  52.00  65.10  68.60  69.80  57.40  48.20  36.60  24.90   
0420021904  21.90  33.40  38.20  46.40  54.70  62.50  69.20  68.20  60.30  47.40  37.30  27.20   
0420021905  26.60  28.60  40.00  46.00  50.70  63.40  69.70  69.50  60.00  43.90  35.90  21.10   
0420021906  24.20  32.20  35.50  45.60  53.60  60.80  70.40  67.80  58.40  47.40  34.20  31.70   
0420021907  27.00  38.60  40.60  47.90  51.20  57.90  69.80  66.60  58.80  51.40  35.80  29.60   
0420021908  26.20  29.50  37.80  47.10  49.40  59.30  70.80  66.90  58.80  43.10  34.40  23.90   
0420021909  30.80  29.10  35.20  42.70  51.10  65.20  71.00  69.50  59.00  49.80  36.70  17.00   
0420021910  22.60  26.20  44.30  49.40  56.50  66.30  71.90  68.90  62.40  48.70  40.80  29.60   
0420021911  30.90  27.70  40.40  44.50  53.60  63.70  68.90  68.60  60.60  45.30  32.20  22.30   
0420021912  26.50  32.10  35.80  41.20  51.90  63.40  67.70  67.10  53.70  44.70  36.80  23.60   
0420021913  20.70  27.50  33.60  46.00  55.80  62.60  68.80  69.30  58.80  45.40  38.30  23.00   
0420021914  27.60  28.40  39.60  47.40  56.70  62.00  69.20  69.20  60.60  49.50  37.70  22.20   
0420021915  21.30  30.60  38.20  49.80  51.50  60.50  69.80  69.50  58.30  49.60  36.90  27.90   
0420021916  23.00  31.30  40.30  47.20  51.20  62.40  69.80  66.40  58.50  45.60  32.50  23.60   
0420021917  15.70  26.00  29.40  41.40  49.00  62.40  73.30  68.20  60.40  49.40  39.30  35.40   
0420021918  26.90  29.40  40.60  43.40  52.60  69.80  69.80  66.90  60.90  50.90  33.20  25.00   
0420021919  22.30  28.20  35.70  47.50  57.90  66.20  73.00  70.40  61.60  41.80  34.00  21.30   
0420021920  25.00  32.30  34.60  39.80  54.50  62.90  71.40  67.40  58.80  45.80  35.50  25.50   
0420021921  28.60  32.40  41.10  42.40  54.00  65.20  71.30  67.80  59.20  52.70  39.50  32.40   
0420021922  17.80  26.20  32.90  39.90  53.40  66.60  71.20  69.80  63.20  49.40  34.30  30.50   
0420021923  30.80  23.40  32.30  43.60  55.00  60.40  71.90  67.00  58.40  44.50  37.30  25.80   
0420021924  19.70  35.40  32.20  44.60  56.50  65.80  70.80  68.60  59.30  46.70  35.10  19.60   
0420021925  19.60  33.60  39.30  47.10  58.50  61.60  72.40  67.30  58.60  46.90  34.40  29.90   
0420021926  24.80  34.20  39.20  49.00  55.80  66.90  70.40  69.40  58.80  50.00  39.60  25.10   
0420021927  28.30  33.10  36.90  45.10  53.70  64.40  71.50  66.90  59.00  49.80  40.60  23.40   
0420021928  27.40  31.40  40.90  43.70  57.80  62.30  70.80  68.00  61.60  49.60  36.20  22.90   
0420021929  22.30  22.60  36.40  42.20  54.00  62.60  72.40  70.40  58.70  49.40  33.20  32.00   
0420021930  18.40  34.00  37.60  51.00  51.30  64.70  72.00  68.80  59.60  46.20  31.10  19.40   
0420021931  23.10  33.10  36.30  47.20  54.50  67.10  74.80  70.70  61.40  50.80  31.60  20.10   
0420021932  17.80  29.10  35.80  45.80  54.90  62.90  70.80  69.00  61.20  47.20  38.00  18.40   
0420021933  21.60  17.60  36.90  41.70  49.30  67.80  74.30  69.10  63.80  53.40  37.90  32.70   
0420021934  31.00  38.40  45.20  51.40  61.20  63.10  73.90  72.00  60.10  51.40  39.20  28.90   
0420021935  29.70  33.20  35.50  45.40  51.50  66.00  71.90  70.50  63.00  48.00  33.50  27.50   
0420021936  27.10  31.50  37.80  48.60  58.20  67.90  73.00  70.20  59.60  48.80  34.80  28.30   
0420021937   9.70  25.80  36.10  43.90  58.20  63.40  72.20  71.10  63.00  50.70  39.40  31.80   
0420021938  30.20  32.30  36.70  46.90  53.30  65.40  70.00  70.20  63.40  49.70  29.40  29.70   
0420021939  26.00  19.80  38.00  49.20  57.20  63.40  72.60  70.60  61.20  48.30  39.40  33.60   
0420021940  27.70  32.70  40.80  47.30  59.60  68.40  73.20  71.60  61.30  50.60  33.20  28.70   
0420021941  27.20  33.80  38.60  41.80  56.10  61.60  70.30  67.80  56.60  45.90  36.80  30.40   
0420021942  24.10  25.00  33.20  46.40  51.80  63.10  72.80  69.50  60.40  49.80  37.40  31.40   
0420021943  29.00  32.60  37.50  51.50  54.30  61.40  71.90  70.00  63.60  50.80  37.10  29.20   
0420021944  21.00  26.60  33.10  42.10  54.80  59.80  70.40  69.30  62.10  51.90  35.20  28.60   
0420021945  29.50  33.50  34.80  41.40  55.40  59.20  71.60  69.60  59.20  50.90  35.00  25.00   
0420021946  23.90  29.70  39.20  50.60  53.50  65.80  72.60  70.30  61.20  44.20  34.20  32.60   
0420021947  22.20  34.70  40.20  45.10  58.40  60.60  71.50  68.60  63.30  51.50  31.30  26.10   
0420021948  26.60  27.60  30.50  45.80  55.50  63.40  70.90  69.00  62.90  49.10  31.90  24.90   
0420021949  12.60  19.20  36.60  49.10  55.00  62.40  71.00  69.10  62.80  45.80  41.50  25.30   
0420021950  22.60  31.20  36.80  46.30  51.80  62.40  69.60  68.00  59.90  54.10  39.20  32.90   
0420021951  26.20  31.40  35.00  46.30  54.90  61.60  72.60  68.40  61.40  47.60  32.90  23.30   
0420021952  22.90  25.90  30.10  46.40  56.30  63.70  70.60  70.60  63.10  53.40  31.50  27.40   
0420021953  33.70  30.90  38.80  43.40  49.30  64.20  73.40  68.60  63.40  49.40  39.50  25.60   
0420021954  30.00  35.80  35.40  49.80  58.10  63.10  73.80  68.20  61.70  50.30  39.90  25.80   
0420021955  20.00  20.20  33.50  42.60  53.70  62.40  70.90  71.00  62.10  50.80  33.90  32.50   
0420021956  33.50  25.20  37.90  45.70  56.90  66.80  71.20  67.20  63.60  49.30  31.50  26.40   
0420021957  24.10  34.10  38.80  43.90  51.80  64.10  71.00  69.70  60.10  48.20  31.50  30.60   
0420021958  27.30  36.50  34.10  42.70  59.00  66.20  70.30  72.40  61.80  51.00  35.90  33.70   
0420021959  29.70  31.10  37.40  47.40  53.20  67.80  73.20  69.20  58.90  49.00  36.20  28.60   
0420021960  22.20  25.70  39.30  46.80  55.00  66.80  73.80  69.50  64.10  48.80  37.80  27.60   
0420021961  27.20  34.30  37.30  45.10  55.40  68.80  73.30  70.60  55.90  47.30  33.00  24.70   
0420021962  22.00  31.80  32.50  49.40  53.40  63.60  70.10  69.20  62.20  51.40  40.20  28.80   
0420021963  20.10  37.40  36.00  42.30  58.40  61.40  72.60  70.40  63.80  54.70  38.10  25.60   
0420021964  23.70  25.30  30.60  43.20  53.50  61.60  73.60  68.60  59.40  51.90  32.50  28.90   
0420021965  30.30  30.10  33.70  45.10  51.30  60.50  70.10  67.50  54.90  51.80  41.30  28.30   
0420021966  25.20  26.20  38.20  45.80  58.10  64.50  72.90  70.20  62.20  48.10  39.90  25.40   
0420021967  25.70  32.10  40.70  41.50  52.60  60.00  72.50  71.20  61.80  50.60  39.70  21.10   
0420021968  21.80  34.60  39.60  41.30  53.30  64.70  71.40  64.40  58.40  49.00  35.60  24.20   
0420021969  30.80  28.70  32.30  46.50  59.40  61.20  71.90  72.80  63.40  43.30  35.60  30.40   
0420021970  28.80  36.20  35.60  39.70  55.40  63.80  71.70  71.90  57.00  44.40  37.90  27.00   
0420021971  28.30  30.90  36.30  44.70  52.40  64.40  72.50  71.30  57.00  45.30  33.10  23.50   
0420021972  28.20  34.10  43.70  45.80  55.80  65.70  72.20  68.80  59.30  48.60  33.50  21.20   
0420021973  17.50  27.20  34.20  41.90  55.70  63.70  70.60  69.90  58.50  49.70  36.30  29.30   
0420021974  21.70  25.70  41.60  43.60  57.50  68.20  71.70  68.30  61.10  50.10  37.10  26.20   
0420021975  24.10  29.40  35.60  38.80  50.40  60.60  71.70  67.20  60.50  47.80  33.90  28.60   
0420021976  25.80  33.20  33.30  44.40  56.80  62.90  72.90  67.20  61.10  46.90  37.80  27.50   
0420021977  24.80  33.10  33.80  48.50  51.60  68.70  71.80  70.10  61.90  51.00  38.40  33.60   
0420021978  29.80  32.20  42.20  45.80  52.30  64.60  71.90  68.40  59.40  52.10  34.70  20.90   
0420021979  17.80  25.90  36.20  45.10  54.70  64.00  71.70  68.30  64.50  52.00  30.80  28.70   
0420021980  29.70  33.20  35.20  45.80  51.80  63.90  72.50  68.50  60.80  48.20  37.70  34.40   
0420021981  31.80  34.00  38.40  49.60  53.60  67.30  72.80  70.70  63.20  46.80  39.80  32.10   
0420021982  25.20  28.80  37.60  42.80  53.50  62.50  70.00  70.90  60.00  44.70  33.70  26.90   
0420021983  29.80  33.50  38.70  40.20  51.30  62.30  70.00  70.40  62.80  50.40  36.60  27.20   
0420021984  20.40  24.70  35.30  42.20  57.90  62.10  71.50  69.80  61.30  43.50  36.00  25.70   
0420021985  23.10  24.70  35.80  49.10  56.90  66.80  72.80  69.80  56.70  48.50  33.80  25.80   
0420021986  30.90  36.20  44.20  45.90  54.60  68.10  69.60  71.60  56.40  47.20  37.50  29.00   
0420021987  24.40  32.50  36.50  50.20  56.30  67.00  69.30  68.30  61.60  52.60  36.20  25.90   
0420021988  21.90  30.80  36.60  47.30  54.80  68.60  74.10  70.20  59.60  55.40  36.70  25.60   
0420021989  20.80  25.80  42.80  51.50  56.10  64.00  74.50  68.60  61.70  49.40  38.60  29.10   
0420021990  28.40  29.30  41.50  50.00  54.10  67.10  72.70  69.70  65.10  49.70  36.90  19.80   
0420021991  22.60  34.70  36.20  43.20  52.50  63.50  72.30  70.80  61.30  50.90  35.30  26.40   
0420021992  24.70  34.90  42.00  52.70  58.80  64.40  69.30  70.60  62.20  52.80  31.90  23.40   
0420021993  25.60  28.10  40.40  45.30  57.20  61.40  67.90  67.80  60.50  48.00  32.10  27.70   
0420021994  30.90  29.80  42.40  47.50  57.80  69.40  74.10  73.20  63.40  47.60  30.60  29.40   
0420021995  29.40  39.30  39.60  44.00  50.60  59.90  69.90  71.80  62.60  49.10  41.90  31.90   
0420021996  29.20  34.10  40.00  46.40  56.90  67.90  74.20  71.70  59.00  48.00  37.60  30.00   
0420021997  27.30  29.50  41.60  42.80  58.00  65.20  69.80  70.20  61.70  48.40  37.30  26.40   
0420021998  31.80  31.50  38.10  43.40  53.70  60.00  73.60  71.60  63.00  47.80  38.00  27.00   
0420021999  31.90  34.00  41.90  41.70  52.80  64.00  71.70  69.10  59.80  51.80  42.40  28.80   
0420022000  31.90  36.00  38.80  51.00  59.30  67.30  74.00  73.00  62.00  49.10  29.80  30.40   
0420022001  26.30  31.70  41.40  47.00  59.30  67.10  72.90  72.40  65.20  52.20  39.30  25.00   
0420022002  26.10  29.00  36.00  49.70  56.30  68.70  76.20  70.70  61.00  47.00  35.90  29.30   
0420022003  35.20  31.00  40.30  45.80  57.40  66.00  77.20  72.70  62.20  55.00  34.10  30.30   
0420022004  24.20  27.80  45.60  48.00  57.00  66.10  72.20  68.60  60.20  48.90  35.70  30.10   
0420022005  32.60  33.50  39.00  45.90  56.00  61.80  74.80  69.00  60.80  50.40  39.00  29.20   
0420022006  29.90  31.50  36.30  48.40  58.90  68.80  75.00  69.70  58.10  47.30  38.20  27.90   
0420022007  22.40  34.30  43.00  48.30  57.70  68.20  76.20  72.80  61.70  48.90  40.60  24.60   
0420022008  22.80  30.50  37.20  43.10  52.80  65.00  74.10  71.60  61.90  50.40  40.90  27.00   
0420022009  29.50  33.10  39.20  45.30  58.70  62.00  73.20  69.70  64.30  45.70  39.00  21.60   
0420022010  27.00  29.90  38.00  44.70  50.20  65.40  73.10  69.30  63.80  51.10  34.80  32.50   
0420022011  25.40  28.60  39.40  43.50  50.80  63.30  71.80  72.50  63.20  50.00  36.00  26.80   
0420022012  31.00  31.70  42.60  49.60  58.00  68.70  73.20  73.00  63.60  50.90  41.20  27.80   
0420022013  19.70  27.60  41.00  45.00  56.00  69.20  74.60  71.00  61.40  46.40  38.00  23.10   
0420022014  30.40  35.70  41.00  46.70  56.50  66.00  74.60  67.70  64.20  53.10  37.70  31.70   
0420022015  32.10  38.90  44.90  47.10  53.80  70.00  70.10  71.00  65.50  54.30  34.50  26.60   
0420022016  26.60  33.70  42.20  47.90  54.40  70.90  73.70  70.10  61.10  53.20  41.60  27.40   
0420022017  25.90  36.50  45.30  46.00  55.60  69.50  75.00  71.60  60.70  48.10  43.00  31.40   
0420022018  32.80  32.20  39.20  49.00  58.30  69.10  76.10  72.40  65.80  47.50  35.00  27.40   
0420022019  27.00  27.20  38.10  48.60  50.50  63.60  73.20  72.70  63.00  42.90  38.40  28.80   
0420022020  28.50  30.80  40.50  47.20  58.80  65.40  73.60  75.70  63.80 -99.90 -99.90 -99.90   
